cUid,cUname,cParentArea,cArea,type,sendDate,message,price,count
367320,自主品牌才是国家希望,娱乐,户外,4,1689334835575,,,
367320,自主品牌才是国家希望,娱乐,户外,4,1689348987821,,,
367320,自主品牌才是国家希望,娱乐,户外,4,1689250636345,,,
367320,自主品牌才是国家希望,娱乐,户外,4,1689087913218,,,
367320,自主品牌才是国家希望,娱乐,户外,4,1688993181367,,,
367320,自主品牌才是国家希望,娱乐,户外,4,1688902442679,,,
367320,自主品牌才是国家希望,娱乐,户外,4,1688914507408,,,
367320,自主品牌才是国家希望,娱乐,户外,4,1688831117694,,,
367320,自主品牌才是国家希望,娱乐,户外,4,1688732408196,,,
367320,自主品牌才是国家希望,娱乐,户外,4,1688644518162,,,
27492426,戒社,娱乐,情感,4,1688482585189,,,
367320,自主品牌才是国家希望,娱乐,户外,4,1688385582322,,,
367320,自主品牌才是国家希望,娱乐,户外,4,1688302166166,,,
367320,自主品牌才是国家希望,娱乐,户外,4,1688303328115,,,
367320,自主品牌才是国家希望,娱乐,户外,4,1688311374371,,,
367320,自主品牌才是国家希望,娱乐,户外,4,1688217847486,,,
367320,自主品牌才是国家希望,生活,萌宠,4,1688049396466,,,
367320,自主品牌才是国家希望,生活,萌宠,4,1687955033618,,,
367320,自主品牌才是国家希望,生活,萌宠,4,1687869214462,,,
367320,自主品牌才是国家希望,生活,美食,4,1687445672474,,,
367320,自主品牌才是国家希望,娱乐,户外,4,1687354811974,,,
367320,自主品牌才是国家希望,生活,萌宠,4,1686914711315,,,
367320,自主品牌才是国家希望,生活,萌宠,4,1686917722880,,,
367320,自主品牌才是国家希望,生活,萌宠,4,1686926273092,,,
367320,自主品牌才是国家希望,生活,萌宠,4,1686843277814,,,
367320,自主品牌才是国家希望,生活,萌宠,4,1686756033609,,,
367320,自主品牌才是国家希望,生活,萌宠,4,1686657973664,,,
367320,自主品牌才是国家希望,生活,萌宠,4,1686670505130,,,
367320,自主品牌才是国家希望,生活,萌宠,4,1686572719271,,,
367320,自主品牌才是国家希望,生活,美食,4,1686309655184,,,
367320,自主品牌才是国家希望,生活,美食,4,1686222361459,,,
367320,自主品牌才是国家希望,生活,美食,4,1686149141366,,,
367320,自主品牌才是国家希望,生活,美食,4,1686051998115,,,
367320,自主品牌才是国家希望,生活,美食,4,1686054950877,,,
367320,自主品牌才是国家希望,生活,美食,4,1685964453358,,,
367320,自主品牌才是国家希望,生活,美食,4,1685967126030,,,
367320,自主品牌才是国家希望,生活,美食,4,1685970707467,,,
367320,自主品牌才是国家希望,生活,美食,4,1685791848464,,,
367320,自主品牌才是国家希望,生活,美食,4,1685620543504,,,
367320,自主品牌才是国家希望,生活,美食,4,1685621286798,,,
367320,自主品牌才是国家希望,生活,美食,4,1685534573555,,,
367320,自主品牌才是国家希望,生活,美食,4,1685545657482,,,
367320,自主品牌才是国家希望,娱乐,户外,4,1685452077717,,,
367320,自主品牌才是国家希望,娱乐,户外,4,1685455715201,,,
367320,自主品牌才是国家希望,生活,美食,4,1685364432222,,,
367320,自主品牌才是国家希望,生活,美食,4,1685374163647,,,
5529279,欢黎是只仓鼠,虚拟主播,虚拟日常,4,1685198826516,,,
367320,自主品牌才是国家希望,生活,萌宠,4,1685193693680,,,
367320,自主品牌才是国家希望,生活,萌宠,4,1684839963184,,,
367320,自主品牌才是国家希望,生活,萌宠,4,1684753763322,,,
367320,自主品牌才是国家希望,知识,科学科普,4,1684668957055,,,
367320,自主品牌才是国家希望,生活,萌宠,4,1684507822108,,,
367320,自主品牌才是国家希望,生活,美食,4,1683807661272,,,
367320,自主品牌才是国家希望,生活,美食,4,1682780865568,,,
367320,自主品牌才是国家希望,娱乐,视频聊天,4,1682757694008,,,
367320,自主品牌才是国家希望,娱乐,视频聊天,4,1682750407037,,,
367320,自主品牌才是国家希望,电台,聊天电台,4,1682731865177,,,
367320,自主品牌才是国家希望,电台,聊天电台,4,1682740941189,,,
3493142032550501,幼幼酱ouo,手游,王者荣耀,4,1682700212730,,,
367320,自主品牌才是国家希望,娱乐,视频聊天,4,1682686870135,,,
367320,自主品牌才是国家希望,娱乐,视频聊天,4,1682693411076,,,
367320,自主品牌才是国家希望,娱乐,视频聊天,4,1682605056767,,,
367320,自主品牌才是国家希望,娱乐,视频聊天,4,1682608581537,,,
367320,自主品牌才是国家希望,娱乐,视频聊天,4,1682424054442,,,
367320,自主品牌才是国家希望,娱乐,视频聊天,4,1682430368234,,,
367320,自主品牌才是国家希望,娱乐,视频聊天,4,1682335353737,,,
367320,自主品牌才是国家希望,娱乐,视频聊天,4,1682349297816,,,
367320,自主品牌才是国家希望,娱乐,视频聊天,4,1681998337586,,,
367320,自主品牌才是国家希望,生活,美食,4,1681644779167,,,
367320,自主品牌才是国家希望,生活,萌宠,4,1681558439506,,,
367320,自主品牌才是国家希望,生活,美食,4,1681388526086,,,
367320,自主品牌才是国家希望,生活,萌宠,4,1681216033331,,,
367320,自主品牌才是国家希望,生活,美食,4,1680960267385,,,
367320,自主品牌才是国家希望,生活,萌宠,4,1680782647918,,,
12541196,彻大小姐,娱乐,舞见,4,1680613216326,,,
367320,自主品牌才是国家希望,生活,美食,4,1680612671700,,,
367320,自主品牌才是国家希望,生活,美食,4,1680525799434,,,
367320,自主品牌才是国家希望,生活,美食,4,1680442239506,,,
367320,自主品牌才是国家希望,生活,美食,4,1680445788163,,,
367320,自主品牌才是国家希望,生活,美食,4,1680089274078,,,
367320,自主品牌才是国家希望,生活,美食,4,1680090236382,,,
367320,自主品牌才是国家希望,生活,美食,0,1680091611316,200公里跟300公里比价格？,,
367320,自主品牌才是国家希望,生活,美食,0,1680091641046,200公里跟比亚迪300公里比价格？,,
367320,自主品牌才是国家希望,生活,美食,0,1680091666541,五菱低配没有快充,,
367320,自主品牌才是国家希望,生活,美食,0,1680091680510,200公里跟比亚迪300公里比价格？,,
367320,自主品牌才是国家希望,生活,美食,0,1680091697788,五菱配置太低了,,
367320,自主品牌才是国家希望,生活,美食,0,1680091733990,海鸥只有300、400两种续航,,
367320,自主品牌才是国家希望,生活,美食,0,1680091796602,五菱200公里卖6万还便宜？,,
367320,自主品牌才是国家希望,生活,美食,0,1680091815919,五菱200公里卖6万还便宜？我去,,
367320,自主品牌才是国家希望,生活,美食,0,1680091884258,五菱200公里卖6万还便宜？贵,,
367320,自主品牌才是国家希望,生活,美食,0,1680091898137,五菱200公里卖6万还便宜？贵哦,,
367320,自主品牌才是国家希望,生活,美食,0,1680093249656,五菱200公里卖6万还便宜？,,
367320,自主品牌才是国家希望,生活,美食,0,1680093256136,五菱200公里卖6万还便宜？配置低,,
367320,自主品牌才是国家希望,生活,美食,0,1680093265297,五菱200公里卖6万还便宜？贵,,
367320,自主品牌才是国家希望,生活,美食,0,1680093281425,五菱200公里卖6万还便宜？贵死,,
367320,自主品牌才是国家希望,生活,美食,0,1680093311488,缤果200公里卖6万还便宜？,,
367320,自主品牌才是国家希望,生活,美食,0,1680093322943,缤果200公里卖6万还便宜？贵死,,
367320,自主品牌才是国家希望,生活,美食,0,1680093339783,缤果200公里卖6万还便宜？贵死，智商税,,
367320,自主品牌才是国家希望,生活,美食,0,1680093381461,缤果200公里卖6万还便宜？海鸥300,,
367320,自主品牌才是国家希望,生活,美食,0,1680093437319,缤果200公里卖6万还便宜？贵,,
367320,自主品牌才是国家希望,生活,美食,0,1680093497836,缤果200公里卖6万还便宜？海鸥是300,,
367320,自主品牌才是国家希望,生活,美食,0,1680093514555,缤果200公里卖6万还便宜？海鸥300起,,
367320,自主品牌才是国家希望,生活,美食,0,1680093539079,缤果200公里卖6万还便宜？海鸥300起,,
367320,自主品牌才是国家希望,生活,美食,0,1680093583212,海鸥1万起,,
367320,自主品牌才是国家希望,生活,美食,0,1680093593464,海鸥1万没问题,,
367320,自主品牌才是国家希望,生活,美食,0,1680093643263,海鸥6—9万，销量1万起,,
367320,自主品牌才是国家希望,生活,美食,0,1680093656734,海鸥6.5—9万，销量1万起,,
367320,自主品牌才是国家希望,生活,美食,0,1680093666613,海鸥6.5—9万，销量1万起。,,
367320,自主品牌才是国家希望,生活,美食,0,1680093691757,海鸥6.5—9万，300公里起，销量1万,,
367320,自主品牌才是国家希望,生活,美食,0,1680093698032,海鸥6.5—9万，300公里起，销量1万,,
367320,自主品牌才是国家希望,生活,美食,0,1680093713057,海鸥6.5—9万，300公里起，销量1万,,
367320,自主品牌才是国家希望,生活,美食,0,1680093750300,海鸥6.5—9万，300公里起，销量1万,,
367320,自主品牌才是国家希望,生活,美食,0,1680093792005,海鸥6.5—9万，300公里起，销量1万,,
367320,自主品牌才是国家希望,生活,美食,0,1680093841615,海鸥6.5—9万，300公里起，销量1万,,
367320,自主品牌才是国家希望,生活,美食,0,1680093884431,海鸥6.5—9万，300公里起，销量1万,,
367320,自主品牌才是国家希望,生活,美食,0,1680093946871,海鸥6.5—9万，300公里起，销量1万,,
367320,自主品牌才是国家希望,生活,萌宠,4,1679489327498,,,
367320,自主品牌才是国家希望,生活,萌宠,4,1678964904068,,,
367320,自主品牌才是国家希望,生活,萌宠,4,1678200750853,,,
367320,自主品牌才是国家希望,生活,萌宠,4,1676604433169,,,
367320,自主品牌才是国家希望,生活,美食,4,1676114131392,,,
367320,自主品牌才是国家希望,生活,美食,4,1676044490222,,,
367320,自主品牌才是国家希望,生活,萌宠,4,1675947102165,,,
367320,自主品牌才是国家希望,生活,萌宠,4,1675860968923,,,
367320,自主品牌才是国家希望,生活,萌宠,4,1675772467148,,,
367320,自主品牌才是国家希望,生活,美食,4,1673353983026,,,
367320,自主品牌才是国家希望,生活,美食,4,1673093681589,,,
367320,自主品牌才是国家希望,生活,美食,4,1672662058663,,,
367320,自主品牌才是国家希望,知识, 科技,4,1666278881262,,,
367320,自主品牌才是国家希望,知识, 科技,4,1666185432299,,,
367320,自主品牌才是国家希望,知识, 科技,4,1666016938631,,,
367320,自主品牌才是国家希望,,,4,1661180521938,,,
