cUid,cUname,cParentArea,cArea,type,sendDate,message,price,count
18157359,唐卡七,娱乐,视频聊天,4,1662995555054,,,
10330740,观察者网,,,0,1657194311029,M777没了？,,
10330740,观察者网,,,0,1657196932153,哈哈,,
10330740,观察者网,,,0,1657198473734,服了,,
